540001
180301
4200001
5890001
521801
146606
9673901
9331806
1000001
5841601
4372501
5687501
129401
9674001
4346201
4346206
1058902
9968001
9369801
1367701
4333201
124606
4813301
4942301
9359501
9714101
5926601
9980205
5823201
1139601
5890501
8050301
4288101
9359301
5174701
4288001
4182601
180101
4651601
539901
5890401
5290601
9967601
3175501
4976901
1060401
5946501
433101
5873801
89502
89501
89507
89505
411401
521301
9584201
5992001
3765401
6215705
5999901
9930906
4945601
1015801
9738701
478701
575901
3347901
9701001
4948701
5202501
88101
5276201
4514301
9978002
3030701
9127101
5177801
9528305
89504
5271602
4163401
5733201
414001
479001
5949401
5326901
3327701
9654601
4223401
257201
4819601
437901
129901
9611101
5202401
5271701
9817606
88202
88201
9947007
1030401
88205
789401
9736301
5930807
3448601
481701
3056901
9712601
9871301
9889901
9677001
642401
284001
4220706
233702
233701
9624401
9461401
621801
468301
4510901
5974601
1549301
128702
500301
520901
8044001
334001
5932307
5902801
3489001
4462301
5752101
4397101
9208101
4377401
9123301
8020201
4271301
9600306
4394401
9127001
88801
4965801
4176605
88802
5624806
4176601
9624801
5202101
4916401
3388701
3058301
3133001
4413801
9836501
5271501
4706401
544001
5222501
5694101
110606
4035401
140901
629905
5042801
9914506
5006501
789501
232101
4239901
629901
481601
3175101
9134705
9871201
3478401
2002501
315201
5161801
5697901
4158501
4402201
4725101
5202301
9647901
4402205
438006
3053301
9151701
9611301
9335301
4182401
128602
4643801
9693501
5124801
3102101
1537701
139301
139302
500501
5780402
536401
479101
774102
774101
4313801
5125101
774105
4239404
8031401
9766004
9631001
5799601
789301
4410401
1058601
5982401
4834201
4347901
68502
9977802
5931007
712801
88102
521401
3083101
788801
521201
140805
88105
3327801
3480501
9630801
7504501
4137804
5588406
4980501
704701
4137801
1320801
88107
9382801
4948901
4207801
67801
9768001
9966901
5999801
9123401
5799501
5202202
8054601
334301
68501
507001
5178001
4222101
5271401
1524801
9753001
4872201
3102201
4255801
4091501
4126301
8022501
333902
9646901
333901
9123201
5752201
9151601
5533301
8044101
5930905
3490601
4137805
7024601
9584001
201501
333905
5753201
9977902
9610901
500401
5931107
8042201
4182301
9134605
5735401
4140501
5006601
3321701
9583801
9637601
9193006
5159601
5147505
3302602
4643005
4735701
9611201
9151801
5058101
9785301
8016301
92904
201001
92902
92901
9139101
677101
9461301
9891201
9855701
535701
3346801
9654706
4583606
9624501
4583601
9227501
468201
5222401
536501
383906