3973501
1156001
884401
5363207
5992001
4725101
9238301
1866501
9239601
7328801
7328601
7327701
7328201
7328001
7327901
1514701
1572901
5690301
7320301
9570701
1742901
5495401
1742801
4442901
1742401
3721806
1742601
7410301
7410101
7410501
2151304
5470104
5472301
1369501
1644601
7631401
666206
666201
6914701
1753101
2904806
2870701
5624806
4387701
3411301
3411201
1537701
5694101
3411101
3411001
3976101
4530301
4631901
143805
143701
143601
143301
143401
143801
9966901
7337301
4601201
7337401
621501
4936601
4080001
5748101
287801
133701
133601
3868801
6986201
6996001
3868901
6986101
6986401
6986301
2197501
9305101
5872601
4541201
3951206
5897301
7427101
3686106
9332101
5324201
1484801
1982501
1111001
819501
1110701
7619801
819401
6862301
1758501
3935901
4513002
4513007
117601
1594001
4513001
4761905
5902801
7375901
7388701
7388804
2882401
92901
7388805
92902
92904
4091501
6924201
3532201
3532401
3532301
1513901
1514101
9999401
3506201
1514001
1512801
2255401
3536201
3928301
1296101
1296201
1296001
1296301
1064501
7616906
7358801
484001
472801
472601
483901
4413801
4706401
4916401
4462301
9896001
3399705
3058301
3859401
3506306
5974601
3133001
874101
9855707
3404107
874105
9855701
9855705
3395802
3396005
3395901
3396001
507001
2980601
88801
789401
88802
6854505
789301
789501
4218605
3019101
3019301
5847205
2002501
1699501
536501
5485301
5485401
4487101
903001
902802
6222401
6867801
3044006
575901
6916401
1015801
3490601
6867901
4321105
3453101
4321201
4321101
3453305
3453201
3453301
283101
5624602
5787901
5048801
5048701
514807
2224901
2225001
5337501
2225101
9380605
9862701
2190101
3928601
2190001
6975301
6975501
6975401
354501
354502
4445201
1634101
5110401
5110501
354505
4230301
5217301
7440701
9701001
2268704
3898801
9701005
1903001
5735401
5533301
7647908
4222207
9921101
89102
4260901
1513001
3980201
5472701
89101
4502701
9461501
640705
640701
89105
5256601
885701
3553001
5161801
3975501
1018501
5003301
5003401
5096201
5322402
651601
1650901
781001
1651401
5183001
2764501
8061101
5095305
7641101
5095701
8061105
5095501
2834904
3175101
3347901
642401
4735701
3346801
9528305
4514301
4182301
4163401
1178301
3321701
5666501
774102
3502906
4583606
333902
3738401
1758202
774101
5545401
233702
5753201
233701
3738301
4583601
333901
3489001
333905
4222101
437901
1252401
7484601
5202401
767301
5202101
438006
7484501
1807406
5202501
5202301
767801
257201
595401
2052901
201001
8044101
1207601
1645801
1645601
1524601
1262701
1645701
1569001
5737901
83502
1894101
4237102
295602
5589301
1073801
3524205
299102
1415601
4314001
5985206
5222306
5489801
5589501
5589401
5976106
5589201
5985306
281807
3524305
4203601
5798501
5161601
3524501
281801
5632301
282401
3524105
3686306
83501
481301
5222501
3524405
7402706
5465106
2926801
2914901
2914801
2926701
2915001
232101
4137805
9785301
677101
4137801
5932307
5931107
89505
89504
5930905
89502
4137804
4207801
4834201
5930807
89507
89501
3667106
3667201
4332101
3951302
3951501
3251101
3951305
3951304
5258901
876201
4350104
874401
4350204
4332105
4364107
4364207
3951301
3769801
3271701
2257101
3344501
1982801
6064901
4993401
9773001
548901
9493201
9503406
1047906
9503306
310301
310001
518506
7344801
7345101
7344901
6995406
2894306
3953801
2255301
1729201
6995401
1853601
2894301
3480501
3643401
9214101
3567001
2410301
3327701
481201
3567301
1644901
2108105
9213801
686305
3327801
7424901
860801
5028901
7107501
860701
860601
9008501
1193201
4394401
334301
2239201
3582402
3555102
2042601
6813404
1760601
1058601
3951101
5853901
9600401
4174401
688001
2669806
4053001
2124801
9523901
7407706
1986005
2876901
1707801
3668306
4176605
5799501
9947007
629905
9151601
9753001
4239901
820006
2078701
110606
7375701
9654601
5799601
5419601
3053301
3302602
955202
2836301
3027501
5239801
9468406
7329001
3872001
614601
1958301
3027701
8020201
3056901
88201
4402201
88105
3102201
88102
3102101
4223401
88202
3772401
88101
88107
4402205
5127101
5870701
4871101
4871201
432301
432701
862101
432401
6888701
1722101
9583801
4872201
3780501
8042201
6831601
6831501
2267201
2267301
1700901
8057001
2234301
5888401
3808701
5749401
146606
5290601
4288001
4942301
4288101
5578501
5691301
5537506
129401
8050301
3310801
3310901
3311501
3311502
3310701
540001
539901
180301
180101
1741501
1741601
